3533
3921
1436
2313
247
4811
4258
3512
47
2508
4084
1649
3761
4555
3784
2231
3283
4576
2998
4061
3785
1072
3187
2160
4646
4901
2880
704
3412
3646
4943
1918
4305
530
3969
1468
4432
3846
2238
3860
4296
4768
4155
2227
4139
3184
1085
4681
3097
4900
2315
4752
2807
1566
2290
1276
262
4073
790
3777
1169
1987
839
4032
3224
89
1012
4893
2683
784
1303
656
750
13
3138
1909
3823
3027
135
3674
87
1739
4855
1963
1030
2878
3990
1908
467
1074
224
2011
4350
3763
1494
3646
599
4526
742
2987
3547
3439
593
2148
4577
106
1340
1870
3767
4139
4253
2452
3803
182
527
4429
3536
2826
1740
2772
823
2186
1083
175
2898
4873
4572
4099
3298
3585
2082
4370
1388
3984
3075
2235
769
2096
1359
3754
4757
2492
4794
3569
3258
2367
1687
3279
2860
1832
656
1565
2358
2998
2372
4575
3132
3297
2278
4222
4038
4567
422
1495
1872
4686
3297
4547
1928
3916
3316
368
2155
3013
1629
4358
1114
368
3062
1831
3949
4357
1928
4809
3315
4765
1430
1099
4766
4629
4507
4041
4193
789
2990
1807
2335
3894
362
1640
912
1484
4264
281
3612
1605
3172
2242
4296
4618
3535
3355
3096
3593
4461
3983
753
684
3036
2373
2167
4428
60
1385
1920
1708
4613
4872
2590
703
4980
412
3907
840
2175
1593
3910
1879
2791
274
2810
3718
3879
2911
1529
4182
4589
1276
3465
1472
2910
892
3159
1418
260
1676
2440
701
788
165
1450
700
4397
277
4168
908
4986
4193
91
1126
549
1163
451
2554
817
4855
1801
2001
1512
868
3719
725
4901
2557
2010
2188
4941
3919
2655
87
140
2112
4309
3847
851
4224
4697
1768
2665
942
2684
4265
3816
3305
4560
295
3509
4776
4399
3156
3479
3062
2350
1007
3247
3471
3634
1727
684
1167
581
1237
2518
840
4439
752
3277
2638
2441
750
3772
4997
3941
3472
132
4222
625
3469
2047
4511
2336
326
1482
4530
2844
4810
2296
3102
1199
4218
3950
1934
2369
3455
1061
794
1145
3892
1881
916
2893
1022
3013
558
1709
1898
2697
4545
4869
4851
3660
3828
4152
2542
4601
977
250
4083
1577
549
557
1001
4665
500
1697
652
1876
3489
707
217
4681
2130
2528
4183
3385
1177
842
4898
526
3509
1662
3807
4196
3680
2642
3963
221
4592
3060
2063
890
1732
3236
758
4511
3201
1207
1737
2800
355
2757
1829
3821
767
4736
469
3985
4595
3724
2940
2865
4725
316
395
549
3231
2244
320
1290
901
891
838
2798
3369
4112
607
83
2191
2897
3149
3628
3399
4783
4607
820
1212
4808
121
4656
2296
1987
3381
1371
3128
1904
3032
1887
2512
1329
1015
2091
4989
382
4898
137
3403
2617
3414
663
2686
371
4274
1712
4239
4759
1561
3007
1697
1985
1454
527
3505
3237
3018
4428
3743
476
3308
415
2332
4617
99
3619
990
275
4871
4956
3171
2970
1245
676
3463
2147
681
3792
2551
848
2978
2831
2728
3976
3678
3677
4974
4316
2308
2650
2362
3759
1400
685
4722
249
4851
846
2245
3858
333
417
2187
689
3354
1395
1804
2166
1350
1597
1854
4457
99
1771
305
653
4252
3148
1045
4178
835
3674
4211
303
3265
1727
4151
2373
1722
3457
338
1024
4745
1837
3354
4927
852
4209
4842
3598
448
4801
4400
3767
4512
1677
2989
4165
2874
4689
3492
2052
503
4187
4266
197
2149
1532
2311
1368
739
3927
4497
2545
2829
763
2950
597
631
2454
132
4049
242
1121
3464
1701
4466
27
889
1919
2662
2927
335
1490
1848
740
4073
284
3058
4046
4325
4788
339
4856
4154
4792
3869
1648
502
2285
148
2024
1672
4538
4286
2884
2556
2654
4870
4413
2262
3479
3175
1002
2299
3176
1763
159
1164
3737
2556
4329
3831
918
3483
3861
4317
3319
2510
1647
4550
1193
1980
3351
3055
3044
3083
509
2794
1715
792
3478
1757
1258
1791
3472
303
3244
3052
1118
3438
353
143
671
1291
4053
627
1851
2997
980
1496
2214
2036
3595
2394
3438
532
526
2233
1128
2498
4489
954
1548
4846
1865
2175
2659
3096
4504
4489
842
697
1313
4904
4370
1352
3391
3847
1110
2030
1518
2289
3196
136
3590
4477
1794
931
1025
1906
3235
2861
1322
822
774
1539
1193
728
1333
4796
1192
1044
1033
2101
208
4248
1499
2578
2749
1813
3607
1725
4845
214
4324
4310
2299
4284
3345
1983
4118
932
3307
1606
3111
3605
448
1957
3828
248
3434
3462
3459
267
3140
2850
3065
4597
4257
205
502
2240
3935
4719
1421
3661
3191
1205
2244
1466
4622
3713
4861
2673
141
4554
2036
4169
4163
643
2709
1977
725
3146
3391
318
573
993
4875
1348
3141
1106
4000
2740
1198
609
1399
3306
1056
4583
1849
4836
1268
2919
2473
1757
4807
1015
2097
1453
2727
2571
54
572
1131
4066
985
3372
4473
541
810
106
1881
935
3754
1739
2034
4954
1853
4720
2019
3646
4696
531
2919
186
1090
2321
3268
2372
1703
2154
2749
3408
1878
4887
837
4176
3382
1362
853
2505
3534
687
680
4589
3033
4719
3567
4427
4674
1547
2992
4099
1449
1062
2468
2404
2246
4381
3587
3129
3491
3111
4902
1907
2492
3187
887
3269
1477
4794
2768
3136
4374
738
3827
3288
2991
3564
1789
268
348
224
3348
2667
4734
703
4478
3013
2501
4350
4738
4589
4404
855
3663
1257
671
2235
913
76
1025
2655
1579
936
2814
101
1556
217
1839
4365
4274
1974
1611
2265
1386
3461
391
904
631
4211
913
3333
4210
4279
1978
730
4259
4574
29
2425
54
2068
2533
3023
2593
4162
40
1685
602
2944
2528
4475
1251
1093
593
985
2645
122
1269
714
1697
1407
3182
2178
1701
2362
2482
112
3939
4523
